2
10
0 1 0 3 0 0 0 0 7 0
0 0 0 0 -1 0 5 0 0 0
0 4 0 0 0 3 0 0 2 2
1 0 0 0 1 0 0 3 0 0
0 0 3 0 0 0 0 0 6 0
3 0 0 0 2 0 0 1 0 0
0 0 0 0 0 1 0 0 4 0
0 5 0 4 1 0 7 0 0 5
0 0 0 0 0 1 0 0 0 0
2 0 6 0 0 4 0 0 0 4
6
1 1 1 1 1 1
1 1 -1 1 1 1
1 -1 0 -1 1 1
1 1 -1 1 1 1
1 1 1 1 1 1
1 1 1 1 1 1
8
0 0 0 3 0 0 0 0
0 0 2 0 0 5 0 0
0 0 5 0 3 0 0 0
0 0 1 1 0 0 0 4
0 0 0 0 0 0 0 0
0 0 0 0 0 0 5 0
0 0 4 0 0 3 1 0
2 0 0 4 3 4 0 0
10
0 4 0 0 0 0 4 0 5 0
0 0 0 0 0 0 0 0 3 0
0 0 0 5 6 0 0 0 0 2
3 0 0 1 0 0 1 4 0 2
2 0 0 0 0 5 0 0 5 0
0 0 1 0 2 0 0 0 5 0
0 0 0 0 0 0 6 1 0 0
0 0 1 0 2 0 2 4 0 0
0 0 0 0 0 0 2 0 0 0
2 0 0 0 0 0 0 3 0 0
20
0 0 1 0 0 0 0 3 0 3 0 0 0 4 0 0 1 0 4 0
0 1 2 3 3 0 0 0 0 0 0 0 0 5 0 0 0 0 5 0
0 0 0 0 0 0 0 0 0 5 0 0 0 5 0 4 0 0 0 0
4 0 0 0 0 0 0 4 5 0 0 0 3 0 0 0 3 0 0 0
0 0 0 3 0 4 1 0 3 0 0 0 0 4 0 0 0 2 0 3
2 2 0 0 0 0 0 0 0 0 0 0 4 0 0 0 0 0 0 0
0 0 0 0 0 0 0 0 0 0 0 0 5 0 5 0 0 0 3 4
0 0 5 0 -1 5 0 0 5 2 0 0 0 4 2 0 0 3 0 0
0 0 0 0 0 0 0 0 0 0 0 0 0 0 1 0 0 0 0 0
2 0 0 0 0 3 0 0 3 3 3 0 0 1 0 0 2 0 0 0
1 5 0 5 0 0 0 0 5 4 5 0 0 0 0 4 2 4 0 0
0 4 0 0 0 1 3 0 0 0 0 0 1 0 3 0 0 2 0 0
0 0 0 0 0 0 3 0 1 0 0 1 0 0 0 0 0 3 4 0
0 4 0 4 0 0 0 0 0 0 0 2 0 0 0 3 0 0 0 2
0 5 0 0 0 4 1 5 0 0 0 2 0 0 0 0 0 0 0 0
0 0 0 5 0 0 1 2 0 0 0 3 1 2 5 0 0 0 0 0
0 4 2 0 0 0 0 0 0 0 0 0 0 0 0 0 0 0 0 0
0 0 0 4 0 0 0 0 4 0 0 0 0 0 0 1 4 0 2 0
0 0 1 0 0 0 0 0 3 0 0 0 0 0 0 0 5 0 0 0
0 0 0 0 0 0 0 5 0 4 0 0 0 0 0 2 0 0 2 0
5
5 5 5 5 5
5 5 5 5 -1
5 5 5 -1 0
5 5 5 5 -1
5 5 5 5 5
100
0000000000000000000000000000000000000000000000000000000000000000000000000000000000000000000000000003
2000000000000000000000000000000000000000000000000000000000000000000000000000000000000000000000000030
0200000000000000000000000000000000000000000000000000000000000000000000000000000000000000000000000300
0020000000000000000000000000000000000000000000000000000000000000000000000000000000000000000000003000
0002000000000000000000000000000000000000000000000000000000000000000000000000000000000000000000030000
0000200000000000000000000000000000000000000000000000000000000000000000000000000000000000000000300000
0000020000000000000000000000000000000000000000000000000000000000000000000000000000000000000003000000
0000002000000000000000000000000000000000000000000000000000000000000000000000000000000000000030000000
0000000200000000000000000000000000000000000000000000000000000000000000000000000000000000000300000000
0000000020000000000000000000000000000000000000000000000000000000000000000000000000000000003000000000
0000000002000000000000000000000000000000000000000000000000000000000000000000000000000000030000000000
0000000000200000000000000000000000000000000000000000000000000000000000000000000000000000300000000000
0000000000020000000000000000000000000000000000000000000000000000000000000000000000000003000000000000
0000000000002000000000000000000000000000000000000000000000000000000000000000000000000030000000000000
0000000000000200000000000000000000000000000000000000000000000000000000000000000000000300000000000000
0000000000000020000000000000000000000000000000000000000000000000000000000000000000003000000000000000
0000000000000002000000000000000000000000000000000000000000000000000000000000000000030000000000000000
0000000000000000200000000000000000000000000000000000000000000000000000000000000000300000000000000000
0000000000000000020000000000000000000000000000000000000000000000000000000000000003000000000000000000
0000000000000000002000000000000000000000000000000000000000000000000000000000000030000000000000000000
0000000000000000000200000000000000000000000000000000000000000000000000000000000300000000000000000000
0000000000000000000020000000000000000000000000000000000000000000000000000000003000000000000000000000
0000000000000000000002000000000000000000000000000000000000000000000000000000030000000000000000000000
0000000000000000000000200000000000000000000000000000000000000000000000000000300000000000000000000000
0000000000000000000000020000000000000000000000000000000000000000000000000003000000000000000000000000
0000000000000000000000002000000000000000000000000000000000000000000000000030000000000000000000000000
0000000000000000000000000200000000000000000000000000000000000000000000000300000000000000000000000000
0000000000000000000000000020000000000000000000000000000000000000000000003000000000000000000000000000
0000000000000000000000000002000000000000000000000000000000000000000000030000000000000000000000000000
0000000000000000000000000000200000000000000000000000000000000000000000300000000000000000000000000000
0000000000000000000000000000020000000000000000000000000000000000000003000000000000000000000000000000
0000000000000000000000000000002000000000000000000000000000000000000030000000000000000000000000000000
0000000000000000000000000000000200000000000000000000000000000000000300000000000000000000000000000000
0000000000000000000000000000000020000000000000000000000000000000003000000000000000000000000000000000
0000000000000000000000000000000002000000000000000000000000000000030000000000000000000000000000000000
0000000000000000000000000000000000200000000000000000000000000000300000000000000000000000000000000000
0000000000000000000000000000000000020000000000000000000000000003000000000000000000000000000000000000
0000000000000000000000000000000000002000000000000000000000000030000000000000000000000000000000000000
0000000000000000000000000000000000000200000000000000000000000300000000000000000000000000000000000000
0000000000000000000000000000000000000020000000000000000000003000000000000000000000000000000000000000
0000000000000000000000000000000000000002000000000000000000030000000000000000000000000000000000000000
0000000000000000000000000000000000000000200000000000000000300000000000000000000000000000000000000000
0000000000000000000000000000000000000000020000000000000003000000000000000000000000000000000000000000
0000000000000000000000000000000000000000002000000000000030000000000000000000000000000000000000000000
0000000000000000000000000000000000000000000200000000000300000000000000000000000000000000000000000000
0000000000000000000000000000000000000000000020000000003000000000000000000000000000000000000000000000
0000000000000000000000000000000000000000000002000000030000000000000000000000000000000000000000000000
0000000000000000000000000000000000000000000000200000300000000000000000000000000000000000000000000000
0000000000000000000000000000000000000000000000020003000000000000000000000000000000000000000000000000
0000000000000000000000000000000000000000000000002030000000000000000000000000000000000000000000000000
0000000000000000000000000000000000000000000000000140000000000000000000000000000000000000000000000000
0000000000000000000000000000000000000000000000001004000000000000000000000000000000000000000000000000
0000000000000000000000000000000000000000000000010000400000000000000000000000000000000000000000000000
0000000000000000000000000000000000000000000000100000040000000000000000000000000000000000000000000000
0000000000000000000000000000000000000000000001000000004000000000000000000000000000000000000000000000
0000000000000000000000000000000000000000000010000000000400000000000000000000000000000000000000000000
0000000000000000000000000000000000000000000100000000000040000000000000000000000000000000000000000000
0000000000000000000000000000000000000000001000000000000004000000000000000000000000000000000000000000
0000000000000000000000000000000000000000010000000000000000400000000000000000000000000000000000000000
0000000000000000000000000000000000000000100000000000000000040000000000000000000000000000000000000000
0000000000000000000000000000000000000001000000000000000000004000000000000000000000000000000000000000
0000000000000000000000000000000000000010000000000000000000000400000000000000000000000000000000000000
0000000000000000000000000000000000000100000000000000000000000040000000000000000000000000000000000000
0000000000000000000000000000000000001000000000000000000000000004000000000000000000000000000000000000
0000000000000000000000000000000000010000000000000000000000000000400000000000000000000000000000000000
0000000000000000000000000000000000100000000000000000000000000000040000000000000000000000000000000000
0000000000000000000000000000000001000000000000000000000000000000004000000000000000000000000000000000
0000000000000000000000000000000010000000000000000000000000000000000400000000000000000000000000000000
0000000000000000000000000000000100000000000000000000000000000000000040000000000000000000000000000000
0000000000000000000000000000001000000000000000000000000000000000000004000000000000000000000000000000
0000000000000000000000000000010000000000000000000000000000000000000000400000000000000000000000000000
0000000000000000000000000000100000000000000000000000000000000000000000040000000000000000000000000000
0000000000000000000000000001000000000000000000000000000000000000000000004000000000000000000000000000
0000000000000000000000000010000000000000000000000000000000000000000000000400000000000000000000000000
0000000000000000000000000100000000000000000000000000000000000000000000000040000000000000000000000000
0000000000000000000000001000000000000000000000000000000000000000000000000004000000000000000000000000
0000000000000000000000010000000000000000000000000000000000000000000000000000400000000000000000000000
0000000000000000000000100000000000000000000000000000000000000000000000000000040000000000000000000000
0000000000000000000001000000000000000000000000000000000000000000000000000000004000000000000000000000
0000000000000000000010000000000000000000000000000000000000000000000000000000000400000000000000000000
0000000000000000000100000000000000000000000000000000000000000000000000000000000040000000000000000000
0000000000000000001000000000000000000000000000000000000000000000000000000000000004000000000000000000
0000000000000000010000000000000000000000000000000000000000000000000000000000000000400000000000000000
0000000000000000100000000000000000000000000000000000000000000000000000000000000000040000000000000000
0000000000000001000000000000000000000000000000000000000000000000000000000000000000004000000000000000
0000000000000010000000000000000000000000000000000000000000000000000000000000000000000400000000000000
0000000000000100000000000000000000000000000000000000000000000000000000000000000000000040000000000000
0000000000001000000000000000000000000000000000000000000000000000000000000000000000000004000000000000
0000000000010000000000000000000000000000000000000000000000000000000000000000000000000000400000000000
0000000000100000000000000000000000000000000000000000000000000000000000000000000000000000040000000000
0000000001000000000000000000000000000000000000000000000000000000000000000000000000000000004000000000
0000000010000000000000000000000000000000000000000000000000000000000000000000000000000000000400000000
0000000100000000000000000000000000000000000000000000000000000000000000000000000000000000000040000000
0000001000000000000000000000000000000000000000000000000000000000000000000000000000000000000004000000
0000010000000000000000000000000000000000000000000000000000000000000000000000000000000000000000400000
0000100000000000000000000000000000000000000000000000000000000000000000000000000000000000000000040000
0001000000000000000000000000000000000000000000000000000000000000000000000000000000000000000000004000
0010000000000000000000000000000000000000000000000000000000000000000000000000000000000000000000000400
0100000000000000000000000000000000000000000000000000000000000000000000000000000000000000000000000040
1000000000000000000000000000000000000000000000000000000000000000000000000000000000000000000000000004
